-0.45294 -0.19707
-0.4517 -0.19706
-0.45008 -0.19705
-0.4485 -0.19708
-0.44703 -0.19711
-0.44501 -0.197
-0.44249 -0.1969
-0.4405 -0.19737
-0.43905 -0.19828
-0.43703 -0.19872
-0.43449 -0.19862
-0.43266 -0.19876
-0.43124 -0.19961
-0.42868 -0.20124
-0.42528 -0.20292
-0.42258 -0.20341
-0.42034 -0.20322
-0.41737 -0.20371
-0.41408 -0.20465
-0.41154 -0.20498
-0.40924 -0.20482
-0.40618 -0.20471
-0.40293 -0.20478
-0.40045 -0.20491
-0.39812 -0.20481
-0.3951 -0.2042
-0.39179 -0.20324
-0.38872 -0.20227
-0.3854 -0.20168
-0.3814 -0.20169
-0.37747 -0.20167
-0.37421 -0.20108
-0.37118 -0.19992
-0.36798 -0.19835
-0.36483 -0.19669
-0.36178 -0.1951
-0.35827 -0.19351
-0.35421 -0.19189
-0.35041 -0.19039
-0.34724 -0.18889
-0.34423 -0.18693
-0.34107 -0.18449
-0.33773 -0.18212
-0.33447 -0.17982
-0.33184 -0.17696
-0.32957 -0.17367
-0.32671 -0.17082
-0.3234 -0.16854
-0.32068 -0.16627
-0.31842 -0.16386
-0.31568 -0.1614
-0.31236 -0.15903
-0.30893 -0.15682
-0.30583 -0.15439
-0.30339 -0.15126
-0.30104 -0.14804
-0.29798 -0.14559
-0.29473 -0.14324
-0.29212 -0.14008
-0.2899 -0.1369
-0.28755 -0.13465
-0.28513 -0.13211
-0.28278 -0.12813
-0.28035 -0.1242
-0.27781 -0.1217
-0.27567 -0.11947
-0.27416 -0.11642
-0.27242 -0.11299
-0.26998 -0.10973
-0.26769 -0.10674
-0.26607 -0.10379
-0.26464 -0.099992
-0.26304 -0.095155
-0.26143 -0.09039
-0.25987 -0.086363
-0.25819 -0.082881
-0.25653 -0.079709
-0.25533 -0.076652
-0.2546 -0.073501
-0.2538 -0.07003
-0.25295 -0.066048
-0.25257 -0.061429
-0.25265 -0.056574
-0.25274 -0.052254
-0.25272 -0.048388
-0.2527 -0.044347
-0.2527 -0.040355
-0.2527 -0.037048
-0.2527 -0.033943
-0.25272 -0.030139
-0.25271 -0.026071
-0.25262 -0.022615
-0.25268 -0.019602
-0.25318 -0.016524
-0.2542 -0.013266
-0.25569 -0.0099154
-0.25737 -0.0069081
-0.25897 -0.0045281
-0.26055 -0.0021214
-0.26217 0.00091507
-0.26372 0.0043072
-0.26519 0.0076317
-0.26699 0.010539
-0.26933 0.012931
-0.27186 0.015269
-0.27427 0.017749
-0.27655 0.01989
-0.27885 0.021485
-0.28155 0.022932
-0.28474 0.024506
-0.28805 0.026214
-0.29124 0.027868
-0.2943 0.029081
-0.29744 0.02983
-0.301 0.030501
-0.30503 0.031301
-0.30922 0.032236
-0.3132 0.033052
-0.3166 0.033332
-0.3197 0.033243
-0.32316 0.033298
-0.32728 0.033309
-0.332 0.032744
-0.33681 0.031846
-0.34103 0.031153
-0.34488 0.030316
-0.34885 0.028778
-0.35283 0.027159
-0.35661 0.026265
-0.36075 0.025535
-0.36566 0.02418
-0.37026 0.022366
-0.37357 0.020544
-0.37662 0.019249
-0.38046 0.018629
-0.38464 0.017552
-0.38864 0.01526
-0.39256 0.012675
-0.39654 0.010414
-0.40051 0.007764
-0.40446 0.0044694
-0.4085 0.0015265
-0.41256 -0.00074079
-0.41625 -0.0033679
-0.41944 -0.0066523
-0.42239 -0.0096498
-0.42549 -0.011997
-0.4292 -0.014171
-0.4333 -0.016535
-0.43682 -0.019269
-0.43987 -0.022472
-0.44349 -0.026168
-0.44759 -0.030201
-0.45121 -0.034279
-0.45427 -0.038237
-0.4573 -0.042041
-0.46053 -0.046042
-0.46389 -0.050707
-0.46701 -0.05554
-0.46947 -0.059714
-0.47181 -0.063582
-0.47483 -0.06793
-0.47811 -0.07297
-0.48089 -0.078589
-0.48295 -0.084099
-0.48443 -0.088911
-0.48615 -0.093656
-0.4887 -0.09904
-0.49085 -0.10483
-0.49168 -0.11057
-0.49243 -0.11585
-0.49406 -0.12056
-0.4956 -0.12543
-0.49641 -0.13095
-0.49712 -0.13668
-0.49805 -0.14229
-0.4985 -0.14772
-0.49838 -0.15317
-0.49866 -0.15914
-0.49958 -0.1656
-0.50013 -0.17174
-0.50005 -0.17728
-0.50004 -0.18259
-0.50013 -0.18811
-0.49963 -0.19423
-0.49871 -0.20069
-0.49834 -0.20668
-0.49846 -0.21214
-0.49823 -0.21761
-0.49731 -0.2232
-0.49579 -0.22878
-0.49415 -0.23434
-0.49305 -0.23994
-0.49238 -0.24549
-0.49174 -0.25091
-0.49087 -0.25655
-0.48962 -0.26281
-0.4878 -0.26923
-0.48538 -0.27516
-0.48304 -0.28042
-0.48142 -0.28514
-0.47984 -0.28998
-0.47759 -0.29546
-0.47504 -0.30112
-0.47264 -0.3063
-0.47028 -0.31041
-0.46786 -0.31343
-0.46554 -0.3169
-0.4633 -0.32165
-0.46058 -0.32655
-0.45728 -0.33068
-0.45435 -0.33408
-0.45207 -0.33714
-0.44949 -0.34066
-0.44625 -0.34474
-0.44302 -0.34849
-0.43992 -0.35162
-0.43638 -0.35464
-0.43234 -0.35783
-0.42829 -0.36115
-0.42435 -0.36436
-0.42028 -0.36705
-0.41627 -0.36935
-0.41284 -0.37177
-0.40976 -0.37418
-0.40632 -0.37607
-0.40219 -0.37755
-0.39731 -0.37907
-0.39256 -0.38069
-0.389 -0.38231
-0.38603 -0.38388
-0.3825 -0.38542
-0.37822 -0.38705
-0.37343 -0.38882
-0.36869 -0.39025
-0.36452 -0.39098
-0.36074 -0.39186
-0.35696 -0.39358
-0.35272 -0.39498
-0.34788 -0.39513
-0.34324 -0.39488
-0.3393 -0.39494
-0.33527 -0.39483
-0.33058 -0.39415
-0.32555 -0.39303
-0.32064 -0.39156
-0.31633 -0.38955
-0.3125 -0.38711
-0.30811 -0.38481
-0.30313 -0.38259
-0.29906 -0.37948
-0.29606 -0.3754
-0.29262 -0.37132
-0.2885 -0.36743
-0.28481 -0.36307
-0.28174 -0.35821
-0.27861 -0.35341
-0.27538 -0.34868
-0.27254 -0.34359
-0.27026 -0.33792
-0.26851 -0.33164
-0.26699 -0.32523
-0.26531 -0.31935
-0.26374 -0.31393
-0.26276 -0.30852
-0.26207 -0.30287
-0.2612 -0.29679
-0.26046 -0.29024
-0.26029 -0.28324
-0.26043 -0.27595
-0.26051 -0.26861
-0.26042 -0.26167
-0.26025 -0.25536
-0.26049 -0.24892
-0.26137 -0.24178
-0.26203 -0.23459
-0.26198 -0.22802
-0.26206 -0.22213
-0.26281 -0.21669
-0.26377 -0.21086
-0.26458 -0.2044
-0.26531 -0.19823
-0.26607 -0.19272
-0.26699 -0.18716
-0.26788 -0.18145
-0.26821 -0.17649
-0.26811 -0.17255
-0.26841 -0.16914
-0.26928 -0.16597
-0.27017 -0.16301
-0.27093 -0.16062
-0.2718 -0.15936
-0.27262 -0.15873
-0.27293 -0.1575
-0.27283 -0.15577
-0.27276 -0.15447
-0.27279 -0.15384
-0.27281 -0.15386
-0.2728 -0.15498
-0.27277 -0.15769
-0.27279 -0.16114
-0.2729 -0.16419
-0.27282 -0.16747
-0.27221 -0.17191
-0.27125 -0.17696
-0.27027 -0.18183
-0.26969 -0.18649
-0.26973 -0.19112
-0.26967 -0.19609
-0.26896 -0.20158
-0.26801 -0.20727
-0.2672 -0.21285
-0.26645 -0.21838
-0.26565 -0.22394
-0.26485 -0.22951
-0.26406 -0.23508
-0.26326 -0.24065
-0.26245 -0.24622
-0.26169 -0.25176
-0.26093 -0.2573
-0.25999 -0.26298
-0.2591 -0.26862
-0.25891 -0.27369
-0.25907 -0.27836
-0.25824 -0.28345
-0.25646 -0.2891
-0.25499 -0.29485
-0.25432 -0.3004
-0.25429 -0.30557
-0.25434 -0.31025
-0.25373 -0.31436
-0.25284 -0.31827
-0.25253 -0.32245
-0.25268 -0.32635
-0.25275 -0.32912
-0.25271 -0.33129
-0.25269 -0.33369
-0.2527 -0.33606
-0.25271 -0.33785
-0.2527 -0.33926
-0.25269 -0.34047
-0.25271 -0.34078
-0.25275 -0.3396
-0.25269 -0.33744
-0.25254 -0.33469
-0.2528 -0.33074
-0.25365 -0.3253
-0.25435 -0.31939
-0.25442 -0.31379
-0.25417 -0.30836
-0.25405 -0.30285
-0.25448 -0.29708
-0.25538 -0.29082
-0.25591 -0.28388
-0.25584 -0.27659
-0.25584 -0.26993
-0.25593 -0.26376
-0.25544 -0.25665
-0.25452 -0.24852
-0.25417 -0.24066
-0.2543 -0.23359
-0.25391 -0.22715
-0.253 -0.22084
-0.25221 -0.21405
-0.25144 -0.20678
-0.25015 -0.19947
-0.24844 -0.19236
-0.24675 -0.18563
-0.24521 -0.17944
-0.24376 -0.17387
-0.24209 -0.16831
-0.23987 -0.16205
-0.23737 -0.15562
-0.23496 -0.14978
-0.23259 -0.14447
-0.23017 -0.1395
-0.22783 -0.13496
-0.22561 -0.13089
-0.22298 -0.12705
-0.21972 -0.12315
-0.21668 -0.11903
-0.21435 -0.11483
-0.21188 -0.11136
-0.20873 -0.10896
-0.20539 -0.10674
-0.20221 -0.10426
-0.19907 -0.10213
-0.19589 -0.10058
-0.1927 -0.099049
-0.18952 -0.097397
-0.18634 -0.096052
-0.18316 -0.095252
-0.17998 -0.09497
-0.17679 -0.095016
-0.17363 -0.095071
-0.17046 -0.095053
-0.1672 -0.095078
-0.16401 -0.095086
-0.16121 -0.094931
-0.15893 -0.094944
-0.1572 -0.095637
-0.15567 -0.096498
-0.15395 -0.09664
-0.15241 -0.09656
-0.1516 -0.097181
-0.15082 -0.098079
-0.14918 -0.098438
-0.14764 -0.098168
-0.14735 -0.09745
-0.14761 -0.096588
-0.14756 -0.095817
-0.14763 -0.094989
-0.14831 -0.094038
-0.14927 -0.093481
-0.15013 -0.093556
-0.15081 -0.093424
-0.15145 -0.092596
-0.15259 -0.091837
-0.15429 -0.091728
-0.15563 -0.092115
-0.15631 -0.092847
-0.15735 -0.093929
-0.15904 -0.095437
-0.16044 -0.097521
-0.1612 -0.099983
-0.16182 -0.1022
-0.16261 -0.10443
-0.16358 -0.10787
-0.16442 -0.11278
-0.16463 -0.11844
-0.16452 -0.12405
-0.16503 -0.12893
-0.16594 -0.13359
-0.16632 -0.13931
-0.16619 -0.14589
-0.16611 -0.15237
-0.16615 -0.15868
-0.16614 -0.16511
-0.16614 -0.17144
-0.16625 -0.17726
-0.16618 -0.18267
-0.16558 -0.18801
-0.16464 -0.19376
-0.1637 -0.20019
-0.16305 -0.20646
-0.1629 -0.21186
-0.16308 -0.21765
-0.16326 -0.22478
-0.16298 -0.23196
-0.16208 -0.23822
-0.16147 -0.24475
-0.16156 -0.25213
-0.16138 -0.25881
-0.16048 -0.26419
-0.15989 -0.27011
-0.15998 -0.27737
-0.15982 -0.2845
-0.15899 -0.2908
-0.15807 -0.29705
-0.15732 -0.30348
-0.15644 -0.30958
-0.15557 -0.31513
-0.15528 -0.32026
-0.15539 -0.32501
-0.15503 -0.32937
-0.15413 -0.3333
-0.15326 -0.33677
-0.1525 -0.33988
-0.15161 -0.34279
-0.15082 -0.34506
-0.15056 -0.3461
-0.15067 -0.34676
-0.15073 -0.34836
-0.1507 -0.34996
-0.15068 -0.34996
-0.15069 -0.34867
-0.15071 -0.34686
-0.1507 -0.344
-0.15065 -0.33953
-0.1507 -0.33449
-0.15087 -0.3299
-0.15065 -0.32489
-0.14975 -0.31868
-0.14912 -0.31209
-0.14926 -0.30581
-0.149 -0.29931
-0.14753 -0.2922
-0.14557 -0.28488
-0.14385 -0.27769
-0.14269 -0.27066
-0.14198 -0.26361
-0.14098 -0.25608
-0.13939 -0.24806
-0.13757 -0.24023
-0.13593 -0.23303
-0.13476 -0.22651
-0.13401 -0.22026
-0.1333 -0.21343
-0.13248 -0.20615
-0.1317 -0.1994
-0.13092 -0.19316
-0.12998 -0.18666
-0.12918 -0.18026
-0.12903 -0.17497
-0.12911 -0.1704
-0.12859 -0.16541
-0.12767 -0.15962
-0.12698 -0.15314
-0.12614 -0.14683
-0.12455 -0.14165
-0.12296 -0.13714
-0.12225 -0.13249
-0.12137 -0.12763
-0.11916 -0.12275
-0.11662 -0.11809
-0.11487 -0.11389
-0.11347 -0.11021
-0.11188 -0.107
-0.1103 -0.10386
-0.10885 -0.10057
-0.10698 -0.097606
-0.10452 -0.095215
-0.10228 -0.092887
-0.1007 -0.090401
-0.099186 -0.088285
-0.097502 -0.08672
-0.0962 -0.085189
-0.095438 -0.083532
-0.094731 -0.082184
-0.093902 -0.081375
-0.093198 -0.08103
-0.092472 -0.081045
-0.091171 -0.081326
-0.089478 -0.082105
-0.088215 -0.083869
-0.087517 -0.086397
-0.086959 -0.088947
-0.086134 -0.091289
-0.084721 -0.093558
-0.083051 -0.095969
-0.081786 -0.098763
-0.08118 -0.1021
-0.081194 -0.10601
-0.081192 -0.11002
-0.080488 -0.11367
-0.079639 -0.11787
-0.079436 -0.12352
-0.079596 -0.12898
-0.07963 -0.13252
-0.079598 -0.13536
-0.07963 -0.13901
-0.079585 -0.1434
-0.079437 -0.14813
-0.079683 -0.15296
-0.080537 -0.15774
-0.081229 -0.1625
-0.08127 -0.16727
-0.081116 -0.17203
-0.081112 -0.17677
-0.081152 -0.18163
-0.081152 -0.1865
-0.081141 -0.19089
-0.081142 -0.19479
-0.081145 -0.1989
-0.081145 -0.20365
-0.081142 -0.209
-0.081141 -0.21464
-0.081151 -0.21997
-0.081154 -0.2247
-0.081114 -0.22883
-0.081108 -0.23274
-0.081265 -0.23703
-0.081263 -0.24191
-0.080581 -0.24728
-0.079713 -0.25292
-0.07957 -0.25854
-0.079652 -0.26408
-0.07898 -0.2696
-0.078114 -0.27519
-0.078001 -0.28089
-0.078069 -0.28636
-0.07745 -0.29124
-0.076517 -0.29593
-0.075801 -0.3008
-0.07491 -0.30545
-0.073426 -0.30948
-0.071702 -0.31339
-0.0701 -0.31752
-0.068529 -0.32123
-0.066906 -0.32427
-0.065382 -0.32772
-0.06392 -0.33197
-0.062013 -0.33533
-0.059556 -0.33696
-0.057301 -0.33812
-0.055672 -0.33967
-0.054411 -0.34153
-0.052979 -0.34327
-0.05056 -0.34411
-0.047246 -0.34403
-0.044198 -0.34383
-0.041867 -0.34386
-0.039897 -0.34391
-0.037568 -0.3439
-0.033981 -0.34389
-0.029812 -0.34389
-0.026786 -0.3439
-0.024633 -0.3439
-0.021902 -0.34388
-0.01855 -0.34388
-0.015272 -0.34397
-0.012138 -0.34394
-0.0089527 -0.34348
-0.0057751 -0.3425
-0.0027042 -0.34104
0.00055546 -0.33936
0.0043365 -0.33774
0.008476 -0.33618
0.01264 -0.33461
0.0164 -0.33299
0.019559 -0.3311
0.02278 -0.32803
0.026628 -0.32334
0.030823 -0.31842
0.034945 -0.31434
0.038607 -0.31063
0.041747 -0.30675
0.044979 -0.3025
0.048379 -0.29779
0.050903 -0.29274
0.052368 -0.28731
0.05411 -0.28114
0.056587 -0.27459
0.058904 -0.26895
0.060517 -0.26434
0.061418 -0.25942
0.062104 -0.25377
0.06348 -0.24795
0.065217 -0.24239
0.065986 -0.23733
0.065791 -0.23263
0.065598 -0.2279
0.065657 -0.22311
0.065746 -0.21844
0.065719 -0.21365
0.06544 -0.20835
0.064429 -0.20266
0.062241 -0.19695
0.059743 -0.19147
0.058032 -0.18641
0.056517 -0.18185
0.054293 -0.17778
0.051777 -0.17388
0.049511 -0.16986
0.046979 -0.16594
0.043761 -0.16245
0.040648 -0.15971
0.038247 -0.15788
0.035893 -0.15672
0.032927 -0.15592
0.029259 -0.15514
0.025162 -0.15427
0.021468 -0.15367
0.018402 -0.15359
0.014979 -0.15395
0.010901 -0.1547
0.0071146 -0.15581
0.0039779 -0.15734
0.00093376 -0.15943
-0.0022675 -0.16188
-0.0054572 -0.16417
-0.0086194 -0.16647
-0.011894 -0.16957
-0.015105 -0.17367
-0.01783 -0.17835
-0.02013 -0.18317
-0.022404 -0.1877
-0.024817 -0.19247
-0.027347 -0.19845
-0.029696 -0.20499
-0.031492 -0.21078
-0.032982 -0.21622
-0.034607 -0.22235
-0.036177 -0.22885
-0.037294 -0.23508
-0.037854 -0.24154
-0.037917 -0.24878
-0.037867 -0.25583
-0.037991 -0.2617
-0.037838 -0.26694
-0.03706 -0.27233
-0.03625 -0.27815
-0.035719 -0.28444
-0.03445 -0.29093
-0.031977 -0.29735
-0.029727 -0.30357
-0.028342 -0.30937
-0.026302 -0.31426
-0.023008 -0.31823
-0.01994 -0.32205
-0.017672 -0.32609
-0.015101 -0.32989
-0.011848 -0.33313
-0.0086425 -0.33571
-0.0055589 -0.338
-0.0018894 -0.34077
0.0022091 -0.34404
0.0057531 -0.3471
0.0088104 -0.34944
0.01231 -0.35079
0.016398 -0.35144
0.020633 -0.35208
0.024561 -0.35292
0.027824 -0.35387
0.030947 -0.35462
0.034763 -0.35482
0.038825 -0.35472
0.04226 -0.35475
0.045289 -0.35473
0.048448 -0.35429
0.051641 -0.35323
0.054686 -0.35159
0.058003 -0.35006
0.061942 -0.34924
0.065945 -0.34846
0.069391 -0.34704
0.072179 -0.34521
0.074491 -0.34343
0.077007 -0.34219
0.080138 -0.34154
0.08346 -0.34044
0.086645 -0.33821
0.089794 -0.33527
0.092982 -0.33207
0.096145 -0.32891
0.099296 -0.32581
0.10258 -0.32233
0.10585 -0.31835
0.10857 -0.31412
0.11084 -0.31007
0.11354 -0.30672
0.11681 -0.30298
0.12004 -0.29657
0.12242 -0.29048
0.12319 -0.29084
0.12551 -0.28575
0.13439 -0.2537
0.14556 -0.21019
0.15005 -0.18955
0.14931 -0.18796
0.14952 -0.18381
0.15063 -0.17514
0.15024 -0.16799
0.1492 -0.1621
0.14916 -0.15523
0.14917 -0.14788
0.14789 -0.14118
0.14603 -0.13514
0.14451 -0.12945
0.14282 -0.12403
0.14046 -0.11893
0.13804 -0.11466
0.13622 -0.11111
0.13508 -0.10635
0.13474 -0.1
0.13557 -0.096132
0.13773 -0.096757
0.1409 -0.0986
0.14479 -0.099428
0.14922 -0.099845
0.15399 -0.10054
0.15887 -0.10188
0.16366 -0.10361
0.16828 -0.10471
0.17298 -0.10533
0.17829 -0.10685
0.18398 -0.10939
0.18906 -0.1119
0.1937 -0.11422
0.19893 -0.11694
0.20462 -0.12022
0.20989 -0.12389
0.21451 -0.12794
0.21865 -0.13247
0.22256 -0.13734
0.22649 -0.14229
0.23049 -0.14697
0.23449 -0.15122
0.23845 -0.15633
0.24235 -0.16348
0.24639 -0.17059
0.25062 -0.17546
0.25432 -0.1802
0.2569 -0.18707
0.25907 -0.19453
0.2615 -0.20095
0.26381 -0.20723
0.26556 -0.21426
0.26683 -0.22167
0.26772 -0.22895
0.26826 -0.2358
0.26839 -0.24216
0.26797 -0.24844
0.26712 -0.25482
0.26641 -0.26113
0.26578 -0.26741
0.26429 -0.27411
0.26182 -0.2813
0.25929 -0.28857
0.25698 -0.29572
0.25433 -0.30275
0.25112 -0.30917
0.24739 -0.31409
0.24336 -0.31784
0.23932 -0.32165
0.23537 -0.3257
0.23141 -0.32943
0.22743 -0.33246
0.22344 -0.33457
0.21947 -0.33595
0.21553 -0.33696
0.21154 -0.33765
0.20743 -0.33791
0.20354 -0.33775
0.20022 -0.33716
0.19715 -0.3362
0.19392 -0.33485
0.19079 -0.33301
0.18815 -0.33068
0.18609 -0.32824
0.18451 -0.32595
0.1829 -0.32341
0.18108 -0.32032
0.17994 -0.31695
0.17993 -0.31366
0.18004 -0.31076
0.17984 -0.30836
0.18037 -0.3061
0.18199 -0.30373
0.18374 -0.30125
0.18525 -0.2988
0.18711 -0.29671
0.18954 -0.29511
0.19208 -0.2939
0.19446 -0.29309
0.19668 -0.29281
0.19902 -0.29288
0.202 -0.29283
0.20529 -0.29279
0.20795 -0.29331
0.21022 -0.2942
0.21302 -0.29487
0.21634 -0.29566
0.2196 -0.29741
0.22275 -0.30006
0.22592 -0.30314
0.2291 -0.30637
0.23225 -0.30958
0.23545 -0.31274
0.23879 -0.31589
0.24183 -0.3191
0.24423 -0.32239
0.24662 -0.32545
0.24962 -0.32797
0.25302 -0.33018
0.25638 -0.3324
0.25926 -0.33505
0.26157 -0.33826
0.2641 -0.3414
0.26728 -0.34394
0.2705 -0.3459
0.27353 -0.34747
0.27713 -0.34905
0.28132 -0.35072
0.28469 -0.35204
0.28693 -0.35284
0.28944 -0.35339
0.29269 -0.35351
0.296 -0.35251
0.29913 -0.35074
0.30241 -0.34962
0.30565 -0.349
0.30824 -0.34738
0.31052 -0.34479
0.31346 -0.34241
0.31675 -0.34009
0.31936 -0.33684
0.32163 -0.33263
0.3246 -0.32791
0.32789 -0.32311
0.33058 -0.31852
0.3328 -0.31366
0.33507 -0.30783
0.33753 -0.30112
0.34011 -0.2939
0.34232 -0.28681
0.34385 -0.28034
0.34553 -0.27408
0.34802 -0.26738
0.35024 -0.25961
0.35125 -0.2507
0.35169 -0.24224
0.3523 -0.23517
0.35347 -0.22789
0.35515 -0.21926
0.35656 -0.2101
0.35734 -0.20121
0.35807 -0.19295
0.35896 -0.18513
0.35946 -0.17682
0.35943 -0.16792
0.35932 -0.1596
0.35934 -0.15184
0.35934 -0.14319
0.35931 -0.13348
0.35945 -0.12399
0.3595 -0.11531
0.35889 -0.10735
0.35799 -0.099472
0.35775 -0.090797
0.35787 -0.08195
0.35733 -0.074357
0.35641 -0.067403
0.35606 -0.059564
0.35622 -0.051534
0.35641 -0.044788
0.3563 -0.038643
0.35572 -0.031778
0.35478 -0.02443
0.35378 -0.017241
0.35317 -0.01011
0.35322 -0.0028449
0.35315 0.0041818
0.35231 0.010643
0.35159 0.016873
0.35165 0.023213
0.35155 0.029607
0.35068 0.03597
0.35001 0.042324
0.35007 0.048688
0.34998 0.055038
0.34919 0.06138
0.34824 0.067793
0.34745 0.074213
0.34669 0.080343
0.3459 0.085966
0.34508 0.091011
0.34428 0.095713
0.34353 0.10062
0.34275 0.10551
0.34181 0.10938
0.34097 0.1124
0.34079 0.11563
0.34089 0.11889
0.34032 0.12109
0.33941 0.12248
0.33921 0.12405
0.33931 0.12568
0.33871 0.12667
0.33781 0.12736
0.33758 0.1284
0.33771 0.12906
0.3376 0.12844
0.33768 0.12754
0.33848 0.12756
0.33926 0.12751
0.33926 0.12623
0.33928 0.12432
0.34006 0.12263
0.34086 0.12118
0.341 0.11973
0.34076 0.11789
0.3406 0.11552
0.34094 0.11309
0.34182 0.11083
0.34245 0.10814
0.34246 0.10488
0.34232 0.10185
0.34232 0.099451
0.34236 0.097325
0.34235 0.09503
0.34235 0.09212
0.34236 0.088818
0.34233 0.086068
0.34232 0.083816
0.34242 0.08102
0.34246 0.077714
0.34199 0.074844
0.34111 0.07257
0.34024 0.070446
0.33947 0.068018
0.33867 0.064929
0.33787 0.061688
0.3372 0.059129
0.33635 0.056836
0.33497 0.053949
0.33326 0.050601
0.33163 0.04728
0.33007 0.044203
0.32846 0.041508
0.32689 0.039408
0.32541 0.037918
0.32369 0.036195
0.32144 0.033682
0.31886 0.031497
0.31631 0.030535
0.31422 0.030045
0.3127 0.029307
0.31099 0.028374
0.30863 0.027474
0.3061 0.026963
0.30372 0.026952
0.30136 0.027086
0.29897 0.027107
0.2966 0.026984
0.29425 0.026906
0.29173 0.027315
0.28926 0.028179
0.28743 0.028935
0.28597 0.029653
0.28383 0.031
0.28129 0.032709
0.27974 0.03378
0.27915 0.034451
0.27851 0.035762
0.27766 0.037474
0.2769 0.038626
0.2761 0.039278
0.27502 0.03999
0.27434 0.040825
0.27492 0.041637
0.27584 0.042422
0.27585 0.043225
0.27586 0.044014
0.27709 0.044764
0.279 0.045603
0.28071 0.046564
0.28216 0.047156
0.28357 0.047093
0.28543 0.047196
0.2879 0.048024
0.29013 0.048765
0.29166 0.048821
0.29335 0.048662
0.29571 0.048664
0.29823 0.048682
0.30059 0.048651
0.30303 0.04874
0.30552 0.048846
0.30749 0.048423
0.30898 0.047523
0.31083 0.046995
0.31328 0.047058
0.31578 0.04718
0.31814 0.047157
0.32054 0.047136
0.32294 0.047146
0.32518 0.047115
0.32755 0.04711
0.33058 0.047257
0.33385 0.047245
0.33645 0.046586
0.33873 0.045717
0.34159 0.045439
0.34492 0.045577
0.34822 0.045601
0.35133 0.045587
0.35433 0.045732
0.35765 0.045615
0.36162 0.044837
0.36559 0.044042
0.36891 0.043901
0.37193 0.044058
0.37508 0.044076
0.3783 0.044051
0.38149 0.044086
0.38466 0.044021
0.38785 0.043876
0.39101 0.044201
0.39416 0.045105
0.39742 0.045669
0.4007 0.045574
0.40355 0.045745
0.4059 0.046573
0.40824 0.047483
0.41068 0.04824
0.41283 0.049125
0.41443 0.05
0.41546 0.050268
0.41619 0.050149
0.41711 0.050605
0.41796 0.051523
0.41792 0.051951
0.41695 0.051832
0.41558 0.051729
0.41393 0.051764
0.41189 0.051797
0.40938 0.051784
0.40638 0.051748
0.40311 0.051764
0.39986 0.051883
0.39672 0.051809
0.39367 0.05121
0.39039 0.050267
0.38657 0.049319
0.38245 0.048678
0.37836 0.048543
0.37453 0.048702
0.37112 0.048841
0.36829 0.048626
0.36597 0.047896
0.36347 0.046969
0.36036 0.046135
0.35698 0.045437
0.35372 0.044744
0.35079 0.04366
0.34832 0.042067
0.34634 0.040368
0.34476 0.038787
0.34328 0.037211
0.3417 0.035607
0.33999 0.034068
0.33834 0.032513
0.3372 0.030662
0.33649 0.028268
0.33563 0.025164
0.33479 0.021887
0.33459 0.019423
0.33469 0.017158
0.33415 0.013564
0.33324 0.0093931
0.33289 0.0065097
0.33304 0.0043586
0.33316 0.0013949
0.3331 -0.0019047
0.33291 -0.004431
0.33303 -0.0067315
0.33383 -0.0097306
0.33461 -0.013044
0.33467 -0.016107
0.33463 -0.019417
0.33523 -0.023426
0.33626 -0.027341
0.33724 -0.030522
0.33773 -0.033708
0.33764 -0.037554
0.33782 -0.041792
0.3387 -0.045955
0.33933 -0.049479
0.33927 -0.052441
0.33936 -0.056173
0.34013 -0.061063
0.34119 -0.065701
0.34209 -0.069573
0.34237 -0.073677
0.34225 -0.078468
0.34266 -0.08357
0.34359 -0.088422
0.34399 -0.092352
0.34387 -0.095414
0.34416 -0.098319
0.34506 -0.10152
0.34611 -0.10521
0.34687 -0.10926
0.34702 -0.11334
0.34694 -0.11729
0.34739 -0.1211
0.34833 -0.12513
0.34933 -0.12977
0.35002 -0.13461
0.3502 -0.13898
0.35009 -0.1427
0.35004 -0.14588
0.35008 -0.14907
0.3501 -0.15282
0.35008 -0.15702
0.35004 -0.16152
0.35009 -0.16664
0.35023 -0.1724
0.35 -0.17764
0.34919 -0.18166
0.34841 -0.18552
0.34823 -0.19013
0.34873 -0.19535
0.34965 -0.20091
0.35013 -0.20653
0.35 -0.21208
0.3503 -0.21768
0.35123 -0.22329
0.3517 -0.22866
0.35155 -0.23408
0.35193 -0.24049
0.35286 -0.2478
0.35326 -0.25482
0.35313 -0.26111
0.35349 -0.2669
0.3544 -0.27242
0.35518 -0.27788
0.35594 -0.28346
0.35726 -0.28927
0.35896 -0.29479
0.36049 -0.29926
0.36209 -0.30302
0.36428 -0.30686
0.36677 -0.31091
0.36907 -0.315
0.37151 -0.3189
0.37456 -0.32234
0.37784 -0.3253
0.38093 -0.32783
0.38422 -0.33007
0.38811 -0.33202
0.39218 -0.33312
0.39607 -0.33312
0.40019 -0.33313
0.40486 -0.33393
0.40984 -0.33474
0.41476 -0.3349
0.41917 -0.33446
0.42305 -0.33365
0.42721 -0.33284
0.432 -0.33212
0.43689 -0.33108
0.44163 -0.32952
0.44645 -0.32755
0.45129 -0.32519
0.45569 -0.32238
0.45961 -0.31917
0.46345 -0.31573
0.46743 -0.31178
0.47159 -0.30672
0.47559 -0.30099
0.47885 -0.29571
0.48194 -0.29019
0.48597 -0.28275
0.49001 -0.27454
0.49223 -0.2679
0.49352 -0.26171
0.49571 -0.25362
0.49821 -0.24451
0.4996 -0.23629
0.49999 -0.22852
0.49997 -0.22032
0.5 -0.2126
0.50026 -0.20625
0.49996 -0.19984
0.4985 -0.19206
0.49675 -0.18391
0.49538 -0.17653
0.49343 -0.16976
0.4903 -0.16331
0.48697 -0.15714
0.48399 -0.15135
0.48035 -0.14638
0.4756 -0.14233
0.47059 -0.13873
0.46584 -0.13541
0.46108 -0.13283
0.45626 -0.1312
0.45168 -0.13027
0.44705 -0.13017
0.44142 -0.13141
0.4349 -0.1339
0.42871 -0.1369
0.42323 -0.14009
0.41813 -0.14355
0.4134 -0.14757
0.4092 -0.15255
0.4053 -0.15828
0.40124 -0.16425
0.39727 -0.17071
0.39394 -0.17823
0.39084 -0.18638
0.38733 -0.19438
0.38433 -0.2023
0.38304 -0.21055
0.38257 -0.21965
0.38168 -0.22986
0.38099 -0.24028
0.38141 -0.24998
0.3826 -0.25936
0.38406 -0.26895
0.38583 -0.27842
0.38806 -0.28738
0.39072 -0.29575
0.39377 -0.30332
0.39724 -0.30956
0.40112 -0.3144
0.40537 -0.31887
0.41003 -0.32323
0.41522 -0.32599
0.42084 -0.32675
0.42634 -0.32705
0.43177 -0.32728
0.43793 -0.32616
0.44451 -0.32362
0.4499 -0.32103
0.4544 -0.31808
0.46015 -0.31273
0.4668 -0.30521
0.47193 -0.29766
0.47558 -0.29062
0.47954 -0.28346
0.48359 -0.27628
0.48645 -0.26958
0.48863 -0.26334
0.49139 -0.25733
0.49365 -0.25195
0.4936 -0.24771
0.49238 -0.24389
0.49194 -0.23943
0.49225 -0.23444
0.4927 -0.22936
0.49315 -0.22427
