-0.41903 -0.49997
-0.42595 -0.49639
-0.42369 -0.49681
-0.41894 -0.49828
-0.41698 -0.49851
-0.41754 -0.49767
-0.41898 -0.49654
-0.41996 -0.49574
-0.42045 -0.49523
-0.42069 -0.49482
-0.42087 -0.49429
-0.42092 -0.49327
-0.42068 -0.49135
-0.42011 -0.4883
-0.41944 -0.48462
-0.41896 -0.48098
-0.41887 -0.47786
-0.41898 -0.4751
-0.41896 -0.47236
-0.41861 -0.46943
-0.41799 -0.46647
-0.41723 -0.46374
-0.41647 -0.4614
-0.41585 -0.4592
-0.41551 -0.45684
-0.41552 -0.45408
-0.41562 -0.45112
-0.41551 -0.44821
-0.41498 -0.44551
-0.41429 -0.44275
-0.41378 -0.43956
-0.41369 -0.43572
-0.4138 -0.43155
-0.41379 -0.42747
-0.41342 -0.4238
-0.41279 -0.42043
-0.41205 -0.41714
-0.41133 -0.41375
-0.41073 -0.41028
-0.41034 -0.40678
-0.41019 -0.40329
-0.41022 -0.39983
-0.41035 -0.39643
-0.41047 -0.39307
-0.4105 -0.38966
-0.41033 -0.38606
-0.40991 -0.3822
-0.4093 -0.37813
-0.40859 -0.37397
-0.40788 -0.36981
-0.40728 -0.36576
-0.40689 -0.36191
-0.40677 -0.35831
-0.40682 -0.3549
-0.4069 -0.35157
-0.4069 -0.34823
-0.40687 -0.34479
-0.4069 -0.3412
-0.40703 -0.3374
-0.40709 -0.33337
-0.40688 -0.32909
-0.4063 -0.32459
-0.40562 -0.31995
-0.40516 -0.31527
-0.40512 -0.31065
-0.40524 -0.30606
-0.40516 -0.30147
-0.40466 -0.29688
-0.40397 -0.29227
-0.40343 -0.28767
-0.40326 -0.28308
-0.40333 -0.27848
-0.40345 -0.27387
-0.40348 -0.26923
-0.40345 -0.26462
-0.40345 -0.26007
-0.40353 -0.25559
-0.40357 -0.25104
-0.40343 -0.24624
-0.40301 -0.24109
-0.40239 -0.23582
-0.40168 -0.23071
-0.40097 -0.22594
-0.40037 -0.22141
-0.39998 -0.21693
-0.39987 -0.21238
-0.39992 -0.20776
-0.4 -0.20312
-0.40003 -0.1985
-0.40001 -0.1939
-0.4 -0.18932
-0.40003 -0.18476
-0.40005 -0.18017
-0.39999 -0.17551
-0.39986 -0.17078
-0.39981 -0.16613
-0.40003 -0.16175
-0.40062 -0.15772
-0.4013 -0.15379
-0.40174 -0.14966
-0.40176 -0.14512
-0.40164 -0.14042
-0.40175 -0.13585
-0.40232 -0.13162
-0.40303 -0.12766
-0.40346 -0.12382
-0.40342 -0.11996
-0.40326 -0.11596
-0.4035 -0.11169
-0.40442 -0.10709
-0.40573 -0.1024
-0.407 -0.097892
-0.4079 -0.093748
-0.40842 -0.089805
-0.40863 -0.085841
-0.4086 -0.081729
-0.40853 -0.077639
-0.40865 -0.073797
-0.40908 -0.070316
-0.40972 -0.066963
-0.41041 -0.063443
-0.41101 -0.059564
-0.41157 -0.055461
-0.41212 -0.051325
-0.41271 -0.047287
-0.4133 -0.043291
-0.41384 -0.039247
-0.41433 -0.035123
-0.41488 -0.031054
-0.4156 -0.027209
-0.41659 -0.023674
-0.41779 -0.020296
-0.41911 -0.016877
-0.42044 -0.013317
-0.42163 -0.0098023
-0.42248 -0.0065731
-0.42297 -0.0037298
-0.42342 -0.00097001
-0.42426 0.0020818
-0.42572 0.0056039
-0.42758 0.0092039
-0.42952 0.012387
-0.43131 0.014874
-0.433 0.017006
-0.43467 0.019238
-0.43639 0.021879
-0.43813 0.024838
-0.43985 0.027948
-0.44154 0.031043
-0.44325 0.033946
-0.44505 0.036481
-0.44692 0.038537
-0.44869 0.040186
-0.45015 0.041528
-0.45122 0.042678
-0.45225 0.043781
-0.45365 0.044985
-0.45567 0.046332
-0.4581 0.047555
-0.46066 0.048339
-0.46312 0.048523
-0.46541 0.048385
-0.46749 0.048275
-0.46934 0.048386
-0.47103 0.048471
-0.47262 0.048212
-0.4742 0.047402
-0.4759 0.04615
-0.47786 0.044615
-0.48013 0.042935
-0.48251 0.041182
-0.48477 0.039421
-0.48674 0.037693
-0.48842 0.035977
-0.48983 0.034245
-0.49104 0.032488
-0.49215 0.030751
-0.49326 0.029086
-0.49446 0.027491
-0.49563 0.025803
-0.49669 0.023838
-0.49752 0.021531
-0.49807 0.019135
-0.49828 0.016954
-0.49821 0.015153
-0.49812 0.013524
-0.49834 0.011803
-0.49898 0.0097884
-0.49969 0.0074422
-0.50001 0.0047546
-0.49969 0.0017946
-0.49897 -0.0011635
-0.49816 -0.0038133
-0.4975 -0.0059415
-0.49696 -0.0075749
-0.49648 -0.0087787
-0.496 -0.0097104
-0.49543 -0.010764
-0.4947 -0.012369
-0.49374 -0.014686
-0.49256 -0.017185
-0.49114 -0.01923
-0.48953 -0.020497
-0.48776 -0.021442
-0.48591 -0.022645
-0.48405 -0.024399
-0.4823 -0.026286
-0.48082 -0.027778
-0.47964 -0.028583
-0.47856 -0.028993
-0.47737 -0.02939
-0.4759 -0.029998
-0.47413 -0.03064
-0.47205 -0.031085
-0.46973 -0.031202
-0.46736 -0.031124
-0.46517 -0.031023
-0.4633 -0.031008
-0.46164 -0.031033
-0.46008 -0.031029
-0.4585 -0.030974
-0.45678 -0.030953
-0.45481 -0.031068
-0.45257 -0.031305
-0.4502 -0.031363
-0.44788 -0.030902
-0.44569 -0.029805
-0.44344 -0.028487
-0.4409 -0.027442
-0.43799 -0.026902
-0.43502 -0.026472
-0.43231 -0.02567
-0.43002 -0.02422
-0.42784 -0.022342
-0.42538 -0.020327
-0.42248 -0.018412
-0.41949 -0.016701
-0.41679 -0.015282
-0.41455 -0.014149
-0.41239 -0.013075
-0.40981 -0.011807
-0.40659 -0.010204
-0.40298 -0.0083977
-0.39933 -0.0065545
-0.39585 -0.0047875
-0.39245 -0.0030821
-0.38898 -0.0014055
-0.38542 0.00027637
-0.38193 0.0020003
-0.37873 0.0038036
-0.37587 0.0056621
-0.3731 0.007413
-0.37006 0.0088749
-0.36664 0.010003
-0.36308 0.011062
-0.35971 0.012357
-0.35671 0.014032
-0.35392 0.015858
-0.35117 0.017557
-0.34832 0.018942
-0.34541 0.020022
-0.34252 0.020834
-0.33968 0.021441
-0.33681 0.021967
-0.33387 0.022541
-0.33087 0.023207
-0.32796 0.023815
-0.32536 0.024187
-0.3231 0.024255
-0.32089 0.024177
-0.31841 0.024143
-0.31552 0.02423
-0.31253 0.024271
-0.30981 0.024065
-0.30751 0.023536
-0.30533 0.022877
-0.30289 0.022312
-0.30004 0.021907
-0.29706 0.021387
-0.29426 0.020432
-0.29182 0.018901
-0.28962 0.017031
-0.28746 0.015108
-0.28522 0.013318
-0.2829 0.011629
-0.2805 0.0099839
-0.27809 0.0083258
-0.27577 0.0065989
-0.27371 0.0047473
-0.27193 0.0027009
-0.27028 0.00036003
-0.26857 -0.0023779
-0.26674 -0.0054443
-0.26498 -0.0084135
-0.26349 -0.010817
-0.26235 -0.012517
-0.26129 -0.014052
-0.26002 -0.016045
-0.25839 -0.018783
-0.25657 -0.021857
-0.25477 -0.024774
-0.25307 -0.027252
-0.25138 -0.029436
-0.24956 -0.031524
-0.24762 -0.033679
-0.24585 -0.035996
-0.24459 -0.038563
-0.24393 -0.041389
-0.24351 -0.044332
-0.24293 -0.04723
-0.24194 -0.050026
-0.24068 -0.052871
-0.23933 -0.055939
-0.23804 -0.059303
-0.23691 -0.062831
-0.23602 -0.066368
-0.23539 -0.069827
-0.23489 -0.073255
-0.23434 -0.076716
-0.23368 -0.080222
-0.23308 -0.083686
-0.23269 -0.087011
-0.23261 -0.090233
-0.23268 -0.093653
-0.23277 -0.097603
-0.23279 -0.10216
-0.23277 -0.10692
-0.23276 -0.11143
-0.23278 -0.11548
-0.23279 -0.11938
-0.23274 -0.1235
-0.23263 -0.128
-0.23262 -0.13271
-0.23285 -0.13739
-0.23337 -0.14196
-0.23402 -0.14652
-0.23462 -0.15124
-0.23512 -0.15609
-0.23566 -0.16073
-0.23644 -0.16477
-0.23753 -0.16816
-0.23876 -0.17144
-0.23995 -0.17521
-0.24103 -0.17971
-0.24215 -0.18451
-0.24349 -0.1891
-0.24512 -0.19325
-0.24692 -0.19715
-0.24876 -0.20106
-0.25055 -0.20513
-0.25226 -0.20919
-0.25388 -0.2131
-0.25547 -0.21674
-0.25718 -0.22011
-0.25921 -0.22324
-0.26156 -0.22617
-0.26394 -0.22899
-0.26605 -0.23181
-0.26778 -0.23469
-0.2694 -0.23758
-0.27123 -0.24044
-0.27342 -0.24326
-0.27582 -0.24612
-0.27826 -0.24913
-0.28061 -0.25224
-0.28289 -0.25513
-0.2851 -0.25749
-0.28729 -0.25925
-0.28959 -0.26081
-0.29213 -0.26264
-0.29493 -0.2649
-0.29788 -0.26732
-0.30084 -0.26957
-0.30373 -0.27148
-0.30659 -0.2731
-0.30945 -0.27454
-0.31233 -0.27583
-0.31521 -0.27694
-0.31807 -0.27781
-0.3209 -0.27846
-0.32377 -0.27897
-0.32675 -0.27945
-0.32979 -0.27998
-0.33267 -0.28057
-0.33516 -0.28124
-0.33728 -0.28194
-0.33949 -0.28251
-0.3423 -0.28281
-0.34582 -0.2828
-0.34945 -0.28272
-0.35257 -0.28282
-0.35493 -0.28309
-0.35702 -0.28312
-0.35939 -0.28246
-0.36225 -0.28095
-0.36526 -0.27899
-0.36804 -0.277
-0.37041 -0.27523
-0.37259 -0.27357
-0.37485 -0.27189
-0.37725 -0.27016
-0.37958 -0.26842
-0.38162 -0.26673
-0.3833 -0.2651
-0.38494 -0.26338
-0.38684 -0.26143
-0.38912 -0.2592
-0.39152 -0.25682
-0.39378 -0.25443
-0.39571 -0.25212
-0.39733 -0.24984
-0.39867 -0.24755
-0.3998 -0.24523
-0.4009 -0.24292
-0.40214 -0.24067
-0.40351 -0.23846
-0.40468 -0.23617
-0.40529 -0.23364
-0.40529 -0.23086
-0.40512 -0.2279
-0.40529 -0.2249
-0.40592 -0.22193
-0.40661 -0.21908
-0.40693 -0.21639
-0.40665 -0.21393
-0.40588 -0.2117
-0.40479 -0.20973
-0.40354 -0.20799
-0.40236 -0.20632
-0.40148 -0.20459
-0.40093 -0.20276
-0.40044 -0.20102
-0.39972 -0.19955
-0.39865 -0.19838
-0.3974 -0.19732
-0.39614 -0.19613
-0.39498 -0.19481
-0.39385 -0.19364
-0.39272 -0.19294
-0.39155 -0.19279
-0.39039 -0.19296
-0.38929 -0.19316
-0.38823 -0.19324
-0.38708 -0.1932
-0.38571 -0.19304
-0.38409 -0.19287
-0.38228 -0.19288
-0.38038 -0.19331
-0.37849 -0.19423
-0.37679 -0.19554
-0.37544 -0.19712
-0.3744 -0.19884
-0.37332 -0.2006
-0.37183 -0.2023
-0.36992 -0.20393
-0.36811 -0.20565
-0.36693 -0.20762
-0.36647 -0.20989
-0.36607 -0.21227
-0.36505 -0.21459
-0.36326 -0.21681
-0.36134 -0.21909
-0.35996 -0.22163
-0.35934 -0.22446
-0.35898 -0.22742
-0.35832 -0.23033
-0.35718 -0.23314
-0.35589 -0.23599
-0.35485 -0.23906
-0.35418 -0.24241
-0.35373 -0.24595
-0.35327 -0.24959
-0.35272 -0.25321
-0.35211 -0.25663
-0.35151 -0.25968
-0.35093 -0.26241
-0.35036 -0.26523
-0.34979 -0.26852
-0.34922 -0.27243
-0.34864 -0.27663
-0.34806 -0.28083
-0.34749 -0.28487
-0.34691 -0.28885
-0.34634 -0.29288
-0.34577 -0.29699
-0.34519 -0.30102
-0.34461 -0.30483
-0.34404 -0.30837
-0.34346 -0.31173
-0.34289 -0.31502
-0.34232 -0.31835
-0.34175 -0.32183
-0.34115 -0.32559
-0.34055 -0.32962
-0.33998 -0.33371
-0.33947 -0.33769
-0.339 -0.34154
-0.33842 -0.34556
-0.33757 -0.35006
-0.33644 -0.35494
-0.33521 -0.35959
-0.33407 -0.36338
-0.33303 -0.36624
-0.33189 -0.36886
-0.33042 -0.372
-0.32863 -0.37591
-0.32683 -0.38017
-0.32534 -0.38434
-0.32422 -0.38827
-0.32317 -0.39225
-0.32185 -0.39657
-0.32017 -0.40127
-0.31834 -0.40595
-0.31657 -0.41023
-0.31492 -0.41393
-0.31321 -0.41717
-0.31126 -0.42009
-0.30901 -0.42287
-0.30662 -0.42573
-0.30424 -0.42888
-0.30193 -0.43234
-0.29965 -0.43588
-0.29735 -0.43924
-0.29503 -0.44229
-0.29273 -0.44504
-0.29049 -0.44751
-0.28828 -0.44978
-0.28597 -0.45204
-0.28341 -0.45445
-0.28059 -0.45697
-0.27763 -0.45925
-0.27467 -0.46094
-0.27179 -0.46206
-0.26894 -0.46305
-0.26606 -0.46442
-0.26317 -0.46624
-0.26029 -0.46807
-0.25748 -0.46945
-0.2547 -0.47021
-0.25181 -0.47057
-0.24867 -0.47077
-0.24526 -0.47089
-0.24172 -0.47084
-0.23821 -0.47051
-0.23478 -0.46993
-0.23134 -0.46929
-0.22783 -0.46878
-0.22428 -0.46839
-0.22084 -0.4678
-0.21769 -0.4667
-0.21482 -0.46505
-0.21202 -0.46315
-0.20907 -0.46133
-0.20583 -0.45967
-0.20224 -0.45798
-0.19827 -0.45602
-0.19406 -0.45376
-0.19002 -0.45137
-0.18654 -0.44901
-0.18366 -0.44674
-0.18095 -0.44446
-0.17798 -0.44205
-0.17458 -0.4394
-0.171 -0.4364
-0.16746 -0.43292
-0.16404 -0.429
-0.16062 -0.42482
-0.15706 -0.42058
-0.15342 -0.41642
-0.15 -0.41246
-0.14709 -0.40878
-0.14471 -0.40536
-0.14259 -0.40197
-0.1404 -0.39841
-0.13806 -0.39456
-0.13572 -0.3904
-0.13357 -0.38593
-0.13169 -0.38126
-0.13008 -0.37662
-0.12876 -0.37225
-0.12763 -0.3682
-0.12652 -0.36427
-0.12529 -0.36027
-0.12396 -0.35616
-0.12284 -0.35213
-0.12221 -0.34835
-0.12212 -0.34486
-0.1223 -0.3415
-0.12248 -0.33813
-0.12253 -0.33469
-0.12247 -0.33121
-0.12236 -0.32775
-0.12225 -0.32432
-0.12229 -0.32087
-0.12259 -0.31737
-0.12315 -0.31385
-0.1238 -0.31042
-0.12439 -0.30717
-0.1249 -0.30416
-0.12547 -0.30139
-0.12625 -0.29888
-0.12729 -0.29655
-0.12855 -0.29431
-0.12999 -0.29206
-0.1316 -0.28975
-0.13341 -0.28743
-0.13547 -0.28516
-0.13774 -0.28292
-0.14011 -0.28061
-0.14246 -0.27814
-0.14476 -0.27562
-0.14704 -0.27338
-0.14937 -0.27173
-0.15172 -0.27063
-0.15401 -0.26962
-0.15616 -0.26825
-0.15827 -0.26646
-0.16062 -0.26464
-0.16351 -0.26317
-0.16693 -0.26228
-0.17054 -0.26198
-0.17404 -0.26228
-0.17737 -0.26296
-0.18081 -0.26361
-0.18464 -0.26381
-0.18881 -0.26361
-0.19288 -0.26357
-0.19645 -0.26423
-0.19943 -0.26574
-0.2021 -0.26779
-0.20472 -0.27007
-0.20749 -0.27239
-0.21045 -0.27469
-0.21364 -0.27694
-0.21705 -0.27917
-0.22058 -0.28149
-0.22413 -0.28402
-0.22763 -0.28679
-0.23105 -0.28978
-0.23435 -0.29294
-0.23743 -0.29627
-0.24017 -0.29982
-0.24241 -0.30362
-0.24421 -0.30763
-0.24577 -0.31173
-0.24733 -0.31577
-0.249 -0.31975
-0.25078 -0.32377
-0.25267 -0.32796
-0.25455 -0.3324
-0.25622 -0.33714
-0.25744 -0.34223
-0.25817 -0.34752
-0.25854 -0.35271
-0.25866 -0.35749
-0.25866 -0.36192
-0.25862 -0.36649
-0.25864 -0.37165
-0.25871 -0.37743
-0.2587 -0.38336
-0.25848 -0.38897
-0.25801 -0.39417
-0.25732 -0.39921
-0.25642 -0.40435
-0.25535 -0.40962
-0.25411 -0.4148
-0.25272 -0.41966
-0.25115 -0.42423
-0.2493 -0.42876
-0.24711 -0.43348
-0.2447 -0.43831
-0.24238 -0.44285
-0.24046 -0.44669
-0.23888 -0.44976
-0.23719 -0.45232
-0.23498 -0.45462
-0.23218 -0.45686
-0.22909 -0.45917
-0.22602 -0.46166
-0.22309 -0.46421
-0.22028 -0.46642
-0.21755 -0.46791
-0.2148 -0.46865
-0.21186 -0.46892
-0.20859 -0.469
-0.20507 -0.46903
-0.20157 -0.46901
-0.19838 -0.46889
-0.1955 -0.46857
-0.19272 -0.46782
-0.18984 -0.46641
-0.18685 -0.46433
-0.18399 -0.46172
-0.18149 -0.45874
-0.17927 -0.45566
-0.17702 -0.45284
-0.17442 -0.45064
-0.17149 -0.44877
-0.16854 -0.44638
-0.16588 -0.44262
-0.16356 -0.43751
-0.16138 -0.43188
-0.15912 -0.42652
-0.15676 -0.42174
-0.15446 -0.41741
-0.15235 -0.41337
-0.1505 -0.40943
-0.14892 -0.40539
-0.14759 -0.40108
-0.14644 -0.39648
-0.14534 -0.39179
-0.14419 -0.38717
-0.14298 -0.38263
-0.14184 -0.37802
-0.1409 -0.37321
-0.14021 -0.36813
-0.13977 -0.36282
-0.13958 -0.35731
-0.13956 -0.35162
-0.13963 -0.34578
-0.13967 -0.33982
-0.13967 -0.33388
-0.13966 -0.32823
-0.13966 -0.32312
-0.13967 -0.3185
-0.13967 -0.31407
-0.13962 -0.30953
-0.13957 -0.30485
-0.13959 -0.30024
-0.13979 -0.29592
-0.14024 -0.29188
-0.14096 -0.28795
-0.142 -0.28397
-0.14323 -0.2799
-0.1444 -0.27587
-0.14527 -0.27199
-0.14583 -0.26836
-0.14631 -0.26509
-0.14691 -0.26226
-0.1476 -0.25986
-0.14814 -0.25776
-0.14833 -0.25582
-0.14824 -0.25401
-0.1482 -0.25237
-0.14851 -0.25094
-0.14916 -0.24972
-0.1498 -0.24867
-0.15014 -0.24779
-0.15013 -0.2471
-0.15002 -0.24665
-0.15003 -0.24652
-0.15013 -0.24683
-0.1501 -0.2477
-0.14974 -0.24927
-0.14911 -0.25146
-0.14847 -0.25403
-0.14811 -0.25674
-0.14807 -0.25954
-0.1482 -0.26249
-0.14837 -0.26566
-0.14845 -0.26905
-0.14837 -0.27261
-0.14807 -0.27628
-0.14754 -0.28012
-0.14686 -0.28431
-0.14611 -0.28902
-0.14542 -0.29417
-0.14493 -0.29951
-0.14479 -0.3048
-0.14489 -0.30998
-0.14492 -0.31512
-0.14456 -0.32028
-0.1439 -0.32548
-0.14327 -0.33066
-0.14301 -0.33576
-0.14308 -0.34084
-0.14315 -0.34607
-0.14291 -0.35157
-0.14233 -0.35733
-0.14164 -0.36317
-0.14106 -0.36892
-0.14057 -0.37461
-0.13997 -0.38037
-0.13908 -0.38635
-0.13793 -0.39236
-0.13669 -0.39796
-0.13554 -0.40275
-0.13447 -0.4068
-0.1333 -0.41055
-0.13185 -0.41443
-0.13015 -0.41851
-0.12832 -0.42257
-0.1265 -0.42644
-0.12474 -0.43024
-0.12306 -0.43439
-0.12144 -0.43924
-0.1198 -0.4446
-0.11801 -0.44984
-0.11596 -0.45436
-0.11367 -0.45803
-0.11128 -0.46103
-0.10891 -0.46358
-0.10661 -0.46588
-0.10433 -0.46809
-0.10205 -0.47039
-0.099749 -0.47275
-0.097441 -0.47503
-0.095135 -0.4771
-0.092834 -0.47891
-0.090536 -0.48049
-0.088238 -0.48186
-0.08594 -0.48306
-0.083637 -0.48412
-0.081329 -0.48504
-0.079021 -0.48576
-0.076725 -0.48617
-0.074453 -0.48613
-0.07218 -0.48565
-0.06986 -0.48485
-0.067456 -0.48382
-0.065053 -0.48266
-0.062823 -0.48147
-0.060924 -0.48034
-0.059267 -0.47925
-0.057584 -0.47807
-0.05562 -0.47669
-0.053351 -0.47506
-0.050914 -0.47318
-0.048451 -0.47103
-0.046069 -0.46872
-0.043857 -0.46636
-0.041892 -0.4641
-0.040147 -0.46188
-0.038517 -0.45954
-0.036902 -0.45691
-0.035227 -0.45403
-0.033443 -0.45106
-0.031514 -0.44817
-0.029605 -0.44534
-0.028019 -0.44246
-0.027033 -0.4394
-0.026522 -0.43608
-0.026081 -0.43244
-0.025328 -0.42841
-0.024208 -0.42422
-0.022895 -0.42025
-0.02156 -0.41687
-0.020326 -0.41401
-0.019277 -0.41132
-0.018486 -0.40845
-0.017909 -0.40519
-0.017418 -0.40145
-0.016892 -0.39715
-0.01631 -0.39248
-0.015718 -0.38779
-0.015158 -0.3834
-0.014611 -0.37936
-0.01402 -0.37548
-0.013335 -0.37159
-0.012653 -0.36761
-0.01216 -0.36351
-0.012025 -0.35927
-0.012123 -0.3548
-0.01214 -0.35001
-0.011785 -0.34482
-0.011133 -0.33946
-0.0105 -0.33436
-0.010179 -0.32991
-0.010175 -0.32598
-0.010304 -0.32208
-0.010389 -0.31778
-0.010389 -0.3131
-0.010355 -0.30841
-0.010334 -0.30404
-0.010336 -0.30001
-0.010344 -0.29612
-0.010342 -0.2922
-0.010335 -0.2882
-0.010339 -0.28412
-0.010366 -0.28
-0.010393 -0.27591
-0.010371 -0.27195
-0.010263 -0.2682
-0.010163 -0.26469
-0.010247 -0.26138
-0.010672 -0.25826
-0.011325 -0.25531
-0.01193 -0.25257
-0.012228 -0.25004
-0.012228 -0.2477
-0.012105 -0.24551
-0.012026 -0.24343
-0.012027 -0.24154
-0.012059 -0.24003
-0.01208 -0.23904
-0.012079 -0.23847
-0.012071 -0.23807
-0.012067 -0.23759
-0.012069 -0.237
-0.01207 -0.23639
-0.012064 -0.23583
-0.012057 -0.2353
-0.012062 -0.2347
-0.012091 -0.23395
-0.012117 -0.23321
-0.012094 -0.23278
-0.011986 -0.23293
-0.011889 -0.23354
-0.011977 -0.23428
-0.012402 -0.23485
-0.013052 -0.2353
-0.013658 -0.23593
-0.013971 -0.23702
-0.013987 -0.23862
-0.013845 -0.24068
-0.013687 -0.24312
-0.013617 -0.2459
-0.013717 -0.24901
-0.01406 -0.25239
-0.014618 -0.2559
-0.015302 -0.25935
-0.01602 -0.26258
-0.016671 -0.2658
-0.017149 -0.26945
-0.01736 -0.27394
-0.017354 -0.27913
-0.017264 -0.2846
-0.017214 -0.28996
-0.017221 -0.29513
-0.01724 -0.30023
-0.017231 -0.30537
-0.01721 -0.31055
-0.017224 -0.31574
-0.017309 -0.32089
-0.017386 -0.32604
-0.017311 -0.33124
-0.016958 -0.33655
-0.016374 -0.34185
-0.015704 -0.34691
-0.015083 -0.35154
-0.014523 -0.35596
-0.013961 -0.36063
-0.013347 -0.36596
-0.012724 -0.37181
-0.01219 -0.3777
-0.011816 -0.38325
-0.011417 -0.38842
-0.010663 -0.39343
-0.0092725 -0.39846
-0.007437 -0.40331
-0.0056133 -0.40759
-0.0042095 -0.41096
-0.003145 -0.4137
-0.0020685 -0.41642
-0.00066049 -0.41966
0.0010717 -0.42328
0.0029408 -0.42674
0.0047709 -0.42957
0.0065114 -0.43183
0.0081802 -0.4339
0.0098023 -0.43614
0.01146 -0.43851
0.013269 -0.44081
0.015329 -0.44283
0.017616 -0.44458
0.020037 -0.44615
0.022496 -0.44763
0.024879 -0.44893
0.027061 -0.44985
0.028939 -0.45022
0.030614 -0.45019
0.032294 -0.45003
0.034178 -0.44999
0.036372 -0.45005
0.038929 -0.45003
0.041869 -0.4498
0.044924 -0.44929
0.047672 -0.44851
0.049753 -0.4475
0.05136 -0.44633
0.052977 -0.44513
0.055034 -0.44398
0.057431 -0.44288
0.059798 -0.4417
0.061805 -0.44035
0.063494 -0.43874
0.065101 -0.43676
0.066834 -0.43436
0.068635 -0.43154
0.070315 -0.4284
0.071707 -0.42502
0.072848 -0.42153
0.073884 -0.41807
0.074948 -0.41475
0.076083 -0.41144
0.077285 -0.40784
0.07854 -0.40373
0.07976 -0.39914
0.080818 -0.39429
0.081607 -0.38934
0.082174 -0.38427
0.082646 -0.37892
0.083141 -0.37316
0.083699 -0.36694
0.084325 -0.36026
0.085011 -0.35316
0.085661 -0.346
0.086136 -0.33935
0.08632 -0.33366
0.086288 -0.32865
0.086212 -0.32364
0.086239 -0.31807
0.086307 -0.31214
0.086254 -0.3064
0.085934 -0.30135
0.085368 -0.29683
0.084655 -0.29242
0.083897 -0.28771
0.08323 -0.28291
0.082805 -0.27848
0.082738 -0.27484
0.082848 -0.27194
0.082817 -0.26948
0.082377 -0.2672
0.081687 -0.26494
0.08111 -0.2626
0.080952 -0.26012
0.081063 -0.25767
0.081079 -0.25556
0.080691 -0.25402
0.080024 -0.25293
0.079405 -0.25195
0.079125 -0.25081
0.079147 -0.24957
0.079284 -0.24847
0.079366 -0.2477
0.079366 -0.24717
0.079322 -0.24667
0.079271 -0.24602
0.07925 -0.24534
0.079291 -0.24487
0.07941 -0.24486
0.079496 -0.24534
0.079376 -0.2463
0.078916 -0.24769
0.078259 -0.2494
0.077673 -0.25132
0.077394 -0.25333
0.0774 -0.25552
0.077551 -0.25805
0.07771 -0.26107
0.077771 -0.2645
0.077643 -0.26821
0.077251 -0.27205
0.076659 -0.27603
0.075992 -0.28019
0.075362 -0.28456
0.074787 -0.28913
0.074242 -0.29388
0.073705 -0.29879
0.073147 -0.3039
0.072539 -0.30927
0.071868 -0.31496
0.071225 -0.32079
0.07075 -0.32653
0.070555 -0.33194
0.070577 -0.33709
0.070674 -0.34215
0.070722 -0.34727
0.070713 -0.35245
0.070692 -0.35766
0.070694 -0.36283
0.070708 -0.36798
0.070697 -0.37318
0.070639 -0.37844
0.070594 -0.38368
0.070659 -0.38876
0.070924 -0.39357
0.071441 -0.39815
0.072239 -0.40264
0.073327 -0.40717
0.07455 -0.41175
0.075687 -0.41641
0.076543 -0.42112
0.077125 -0.42579
0.077528 -0.43028
0.077856 -0.43448
0.078307 -0.43847
0.079117 -0.44242
0.080475 -0.44645
0.082246 -0.45052
0.084162 -0.45451
0.085987 -0.45831
0.087701 -0.46184
0.089374 -0.46502
0.091066 -0.46779
0.092789 -0.47015
0.094537 -0.47212
0.096296 -0.47374
0.09804 -0.47497
0.099731 -0.47577
0.10135 -0.47612
0.10301 -0.47612
0.10485 -0.47591
0.10699 -0.4756
0.10934 -0.47513
0.11171 -0.47431
0.11393 -0.47301
0.11614 -0.4713
0.11855 -0.4693
0.12135 -0.46714
0.12433 -0.46485
0.12718 -0.46245
0.12963 -0.45991
0.13183 -0.45713
0.13411 -0.45397
0.13674 -0.45032
0.13966 -0.44629
0.14266 -0.44203
0.14557 -0.43768
0.14842 -0.43317
0.15129 -0.42834
0.15425 -0.42304
0.1572 -0.41731
0.15997 -0.41125
0.16243 -0.40495
0.16469 -0.39857
0.16691 -0.39226
0.16926 -0.38615
0.17163 -0.37998
0.17385 -0.3734
0.17577 -0.36611
0.17747 -0.35845
0.17908 -0.35099
0.18076 -0.34414
0.18249 -0.3375
0.18424 -0.33036
0.18599 -0.32217
0.18771 -0.31332
0.18943 -0.30457
0.19114 -0.29651
0.19287 -0.28874
0.1946 -0.28048
0.19634 -0.27111
0.19808 -0.26108
0.19978 -0.25122
0.20145 -0.24219
0.20314 -0.23373
0.20493 -0.22525
0.20688 -0.21625
0.20875 -0.20691
0.21021 -0.19768
0.21102 -0.18888
0.21146 -0.18036
0.21198 -0.17176
0.21295 -0.16281
0.2142 -0.15356
0.2154 -0.14422
0.21623 -0.13497
0.21676 -0.12579
0.21719 -0.1166
0.21767 -0.10736
0.21825 -0.098119
0.21889 -0.088977
0.21957 -0.08003
0.2202 -0.071348
0.22065 -0.062993
0.22084 -0.054979
0.22082 -0.047053
0.2207 -0.038871
0.2206 -0.030191
0.22057 -0.021363
0.22067 -0.012938
0.2209 -0.0053668
0.22104 0.0014825
0.22076 0.0079416
0.21983 0.014302
0.21854 0.020634
0.21734 0.026932
0.21659 0.033198
0.21612 0.039491
0.21559 0.04589
0.21472 0.052425
0.21355 0.058878
0.21221 0.064945
0.21084 0.070358
0.20961 0.075037
0.20869 0.078968
0.20817 0.082181
0.20776 0.084958
0.207 0.087664
0.20557 0.090582
0.20372 0.093564
0.20188 0.096318
0.20042 0.098592
0.19931 0.10035
0.19836 0.10163
0.19741 0.10248
0.19633 0.10302
0.19497 0.10342
0.19326 0.10376
0.19142 0.10388
0.18978 0.10351
0.18855 0.10245
0.18752 0.10073
0.18633 0.098484
0.18469 0.095839
0.18284 0.092931
0.18115 0.089903
0.1799 0.086838
0.17887 0.083523
0.1777 0.079651
0.1761 0.074995
0.17426 0.069745
0.17253 0.064221
0.17118 0.058675
0.17009 0.05301
0.16905 0.047019
0.16787 0.040538
0.16666 0.033622
0.16559 0.026395
0.16479 0.018977
0.16423 0.01147
0.16382 0.0039724
0.16345 -0.0034479
0.16295 -0.010876
0.16214 -0.018442
0.16091 -0.026256
0.1596 -0.034308
0.15866 -0.042555
0.15842 -0.050966
0.15857 -0.059566
0.15863 -0.068396
0.15822 -0.077476
0.15753 -0.086714
0.15692 -0.095986
0.15669 -0.10519
0.15674 -0.11437
0.15689 -0.12359
0.15698 -0.13289
0.15697 -0.14215
0.1569 -0.15122
0.15679 -0.15998
0.15674 -0.16854
0.15688 -0.17712
0.15729 -0.18583
0.1579 -0.19453
0.15859 -0.20302
0.15923 -0.21113
0.15981 -0.21907
0.16032 -0.22717
0.16079 -0.23565
0.16131 -0.24437
0.16203 -0.25304
0.16303 -0.26145
0.16422 -0.26953
0.16546 -0.27724
0.16665 -0.28464
0.16778 -0.29199
0.16892 -0.29966
0.17008 -0.30784
0.17125 -0.31611
0.17237 -0.32384
0.17343 -0.33059
0.17452 -0.33673
0.17581 -0.34286
0.17738 -0.34939
0.17914 -0.35594
0.18097 -0.36187
0.18274 -0.36677
0.18445 -0.37113
0.18615 -0.37569
0.18787 -0.38098
0.1896 -0.38644
0.19132 -0.39125
0.19304 -0.39478
0.19476 -0.39745
0.1965 -0.39992
0.19826 -0.40267
0.2 -0.40522
0.20168 -0.40687
0.20329 -0.40711
0.20495 -0.40634
0.20685 -0.4052
0.20907 -0.40417
0.21145 -0.40313
0.21374 -0.40176
0.21575 -0.39984
0.21747 -0.39748
0.21894 -0.39488
0.2202 -0.39219
0.22133 -0.38935
0.22239 -0.38627
0.22346 -0.38288
0.22458 -0.37935
0.22584 -0.37591
0.22723 -0.37274
0.22849 -0.36987
0.2293 -0.36727
0.22947 -0.36492
0.22932 -0.36267
0.22931 -0.36037
0.22975 -0.35793
0.23045 -0.35554
0.23103 -0.35346
0.23124 -0.35192
0.23117 -0.35081
0.23104 -0.35
0.23098 -0.34936
0.231 -0.34881
0.23103 -0.34828
0.23105 -0.34772
0.23105 -0.34714
0.23103 -0.34655
0.23102 -0.34596
0.231 -0.34537
0.23099 -0.34477
